CTCTA-5,6,19,22,27,30,58,61,62,72,77,84,91,92,94,97,106,114,119,131,133,134,135,
CTTTT-5,6,19,22,27,30,58,61,62,72,77,84,91,92,94,97,106,114,119,131,133,134,135,
CTCTT-5,6,19,22,27,30,58,61,62,72,77,84,91,92,94,97,106,114,119,131,133,134,135,
CTCTG-5,6,19,22,27,30,58,61,62,72,77,84,91,92,94,97,106,114,119,131,133,134,135,
CTCTC-5,6,19,22,27,30,58,61,62,72,77,84,91,92,94,97,106,114,119,131,133,134,135,
GAGGA-5,6,19,22,27,30,58,61,62,72,77,84,91,92,94,97,106,114,119,131,133,134,135,
CGATG-5,6,19,22,27,30,58,61,62,72,77,84,91,92,94,97,106,114,119,131,133,134,135,
GCGAA-5,22,27,30,58,61,62,72,77,84,91,92,94,97,106,114,119,131,133,134,135,
GAGGG-5,6,19,22,27,30,58,61,62,72,77,84,91,92,94,97,106,114,119,131,133,134,135,
GAGGC-5,6,19,22,27,30,58,61,62,72,77,84,91,92,94,97,106,114,119,131,133,134,135,
ATGTT-5,6,19,22,27,30,58,61,62,72,77,84,91,92,94,97,106,114,119,131,133,134,135,
AGTTG-5,6,19,22,27,30,58,61,62,72,77,84,91,92,94,97,106,114,119,131,133,134,135,
GCGAT-5,6,19,22,27,30,58,61,62,72,77,84,91,92,94,97,106,114,119,131,133,134,135,
ATGTC-6,19,27,30,58,61,72,77,84,92,94,106,114,119,133,135,
ATGTA-5,6,19,22,27,30,58,61,62,72,77,84,91,92,94,97,106,114,119,131,133,134,135,
GATAC-5,6,19,22,27,30,58,61,62,72,77,84,91,92,94,97,106,114,119,131,133,134,135,
AGTTT-5,6,19,22,27,30,58,61,62,72,77,84,91,92,94,97,106,114,119,131,133,134,135,
ATGTG-5,6,22,27,30,58,61,62,72,77,84,91,94,97,106,114,131,133,134,135,
GAGGT-5,6,19,22,27,30,58,61,62,72,77,84,91,92,94,97,106,114,119,131,133,134,135,
GATAA-5,6,19,22,27,30,58,61,62,72,77,84,91,92,94,97,106,114,119,131,133,134,135,
ATAGT-5,6,19,22,27,30,58,61,62,72,77,84,91,92,94,97,106,114,119,131,133,134,135,
CTTTG-6,30,61,72,84,92,106,119,
CTTTC-5,6,19,22,27,30,58,61,62,72,77,84,91,92,94,97,106,114,119,131,133,134,135,
CTTTA-5,6,19,22,27,30,58,61,62,72,77,84,91,92,94,97,106,114,119,131,133,134,135,
GATAG-5,6,19,22,27,30,58,61,62,72,77,84,91,92,94,97,106,114,119,131,133,134,135,
AGTTC-5,6,19,22,27,30,58,61,62,72,77,84,91,92,94,97,106,114,119,131,133,134,135,
GATAT-27,
AGTTA-5,6,19,22,27,30,58,61,62,72,77,84,91,92,94,97,106,114,119,131,133,134,135,
ATAGC-5,6,19,22,27,30,58,61,62,72,77,84,91,92,94,97,106,114,119,131,133,134,135,
ATAGA-5,6,19,22,27,30,58,61,62,72,77,84,91,92,94,97,106,114,119,131,133,134,135,
ATAGG-5,6,19,22,27,30,58,61,62,72,77,84,91,92,94,97,106,114,119,131,133,134,135,
GACAG-5,6,19,22,27,30,58,61,62,72,77,84,91,92,94,97,106,114,119,131,133,134,135,
GACAC-5,6,19,22,27,30,58,61,62,72,77,84,91,92,94,97,106,114,119,131,133,134,135,
GACAA-5,6,19,22,27,30,58,61,62,72,77,84,91,92,94,97,106,114,119,131,133,134,135,
AGGTT-5,6,19,22,27,30,58,61,62,72,77,84,91,92,94,97,106,114,119,131,133,134,135,
ATTGT-5,6,19,22,27,30,58,61,62,72,77,84,91,92,94,97,106,114,119,131,133,134,135,
ATTGG-5,6,19,22,27,30,58,61,62,72,77,91,92,94,97,106,114,119,131,133,134,135,
ATAAT-5,6,19,22,27,30,58,61,62,72,77,84,91,92,94,97,106,114,119,131,133,134,135,
GACAT-5,6,19,22,27,30,58,61,62,72,77,84,91,92,94,97,106,114,119,131,133,134,135,
GATCA-5,6,19,22,27,30,58,61,62,72,77,84,91,92,94,97,106,114,119,131,133,134,135,
ATTGA-5,6,19,22,27,30,58,61,62,72,77,84,91,92,94,97,106,114,119,131,133,134,135,
AGGTG-5,6,19,22,27,30,58,61,62,72,77,84,91,92,94,97,106,114,119,131,133,134,135,
ACATG-5,6,19,22,27,30,58,61,62,72,77,84,91,92,94,97,106,114,119,131,133,134,135,
AGGTC-5,6,19,22,27,30,58,61,62,72,77,84,91,92,94,97,106,114,119,131,133,134,135,
ATTGC-5,6,19,22,27,30,58,61,62,72,77,84,91,92,94,97,106,114,119,131,133,134,135,
ATAAC-5,6,19,22,27,58,61,72,77,84,91,92,94,97,106,114,119,131,133,134,135,
GATCT-5,6,19,22,27,30,58,61,62,72,77,84,91,92,94,97,106,114,119,131,133,134,135,
ACATT-5,6,19,22,27,30,58,61,62,72,77,84,91,92,94,97,106,114,119,131,133,134,135,
ATAAG-5,6,19,22,27,30,58,61,62,72,77,84,91,92,94,97,106,114,119,131,133,134,135,
ATAAA-5,6,19,22,27,30,58,61,62,72,77,84,91,92,94,97,106,114,119,131,133,134,135,
AGGTA-5,6,19,22,27,30,58,61,62,72,77,84,91,92,94,97,106,114,119,131,133,134,135,
ACATC-5,6,19,22,27,30,58,61,62,72,77,84,91,92,94,97,106,114,119,131,133,134,135,
AGAGT-5,6,19,22,27,30,58,61,62,72,77,84,91,92,94,97,106,114,119,131,133,134,135,
ACATA-5,6,19,22,27,30,58,61,62,72,77,84,91,92,94,97,106,114,119,131,133,134,135,
GACCA-5,6,19,22,27,30,58,61,62,72,77,84,91,92,94,97,106,114,119,131,133,134,135,
TTATT-5,6,19,22,27,30,58,61,62,72,77,84,91,92,94,97,106,114,119,131,133,134,135,
CGCTT-5,6,94,131,
GACCT-5,6,19,22,27,30,58,61,62,72,84,91,92,94,97,106,114,119,133,135,
CGCTA-27,62,92,97,
ATACT-5,6,19,22,27,30,58,61,62,72,77,84,91,92,94,97,106,114,119,131,133,134,135,
ATCGT-62,
ATACG-6,19,22,27,30,61,62,84,91,92,94,97,106,131,134,135,
ATCGA-27,97,
ATACC-5,6,19,22,84,91,92,114,131,134,
ATACA-5,6,19,22,27,30,58,61,62,72,77,84,91,92,94,97,106,114,119,131,133,134,135,
GAAAA-5,6,19,22,27,30,58,61,62,72,77,84,91,92,94,97,106,114,119,131,133,134,135,
CTAGG-5,6,19,22,27,30,58,61,62,72,77,84,91,92,94,97,106,114,119,131,133,134,135,
ATTCT-5,6,19,22,27,30,58,61,62,72,77,84,91,92,94,97,106,114,119,131,133,134,135,
CTAGT-5,6,19,22,27,30,58,61,62,72,77,84,91,92,94,97,106,114,119,131,133,134,135,
GAAAG-5,6,19,22,27,30,58,61,62,72,77,84,91,92,94,97,106,114,119,131,133,134,135,
CGTTA-5,6,27,30,58,61,72,77,91,97,106,119,131,133,134,
GAAAC-5,6,19,22,27,30,58,61,62,72,77,84,91,92,94,97,106,114,119,131,133,134,135,
CGTTC-5,6,19,22,27,30,61,62,77,84,91,92,94,97,106,114,119,131,133,134,135,
GCTAA-5,6,19,22,27,30,58,61,62,72,77,84,91,92,94,97,106,114,119,131,133,134,135,
GATGC-5,6,19,22,27,30,58,61,62,72,77,84,91,92,94,97,106,114,119,131,133,134,135,
ACCTT-5,6,19,22,27,30,58,61,62,72,77,84,91,92,94,97,106,114,119,131,133,134,135,
GCTAC-5,6,19,22,27,30,58,61,62,72,77,84,91,92,94,97,106,114,119,131,133,134,135,
GATGA-5,6,19,22,27,30,58,61,62,72,77,84,91,92,94,97,106,114,119,131,133,134,135,
GCTAG-5,6,19,22,27,30,61,62,72,77,84,91,92,94,97,106,114,119,131,133,134,135,
ATCAT-5,6,19,22,27,30,58,61,62,72,77,84,91,92,94,97,106,114,119,131,133,134,135,
ATTCC-5,6,19,22,27,30,58,61,62,72,77,84,91,92,94,97,106,114,119,131,133,134,135,
CTAGC-5,84,
GATGG-5,6,19,22,27,30,58,61,62,72,77,84,91,92,94,97,106,114,119,131,133,134,135,
GAAAT-5,6,19,22,27,30,58,61,62,72,77,84,91,92,94,97,106,114,119,131,133,134,135,
CTAGA-5,6,19,22,27,30,58,61,62,72,77,84,91,92,94,97,106,114,119,131,133,134,135,
ATTCG-5,6,19,22,27,30,58,61,62,72,77,84,91,92,94,97,106,114,119,131,133,134,135,
GATGT-5,6,19,22,27,30,58,61,62,72,77,84,91,92,94,97,106,114,119,131,133,134,135,
CTGTT-5,6,19,22,27,30,58,61,62,72,77,84,91,92,94,97,106,114,119,131,133,134,135,
CGTTT-5,6,19,22,27,30,58,61,62,77,84,91,92,94,97,106,114,119,131,133,134,135,
GCTAT-5,6,19,22,27,30,58,61,62,72,77,84,91,92,94,97,106,114,119,131,133,134,135,
ATTCA-5,6,19,22,27,30,58,61,62,72,77,84,91,92,94,97,106,114,119,131,133,134,135,
ACCTG-5,6,19,22,27,30,58,61,62,72,77,84,91,92,94,97,106,114,119,131,133,134,135,
ATCAC-5,6,19,22,27,30,58,61,62,72,77,84,91,92,94,97,106,114,119,131,133,134,135,
ATCAA-5,6,19,22,27,30,58,61,62,72,77,84,91,92,94,97,106,114,119,131,133,134,135,
ATCAG-5,6,19,22,27,30,58,61,62,72,77,84,91,92,94,97,106,114,119,131,133,134,135,
CTGTC-5,6,19,22,27,30,58,61,62,72,77,84,91,92,94,97,106,114,119,131,133,134,135,
CGTTG-6,19,
CTGTA-5,6,19,22,27,30,58,61,62,72,77,84,91,92,94,97,106,114,119,131,133,134,135,
AGACT-5,6,19,22,27,30,58,61,62,72,77,84,91,92,94,97,106,114,119,131,133,134,135,
ACCTA-72,
CTGTG-5,6,19,22,27,30,58,61,62,72,77,84,91,92,94,97,106,114,119,131,133,134,135,
AGCGT-5,6,19,22,27,30,61,62,72,77,84,91,92,94,97,106,114,119,131,133,134,135,
GCCAA-5,6,19,22,27,30,58,61,62,72,77,84,91,92,94,97,106,114,119,131,133,134,135,
AGAGA-5,6,19,22,27,30,58,61,62,72,77,84,91,92,94,97,106,114,119,131,133,134,135,
GAACC-5,6,19,22,27,30,58,61,62,72,77,84,91,92,94,97,106,114,119,131,133,134,135,
GAACA-5,6,19,22,27,30,58,61,62,72,77,84,91,92,94,97,106,114,119,131,133,134,135,
AGAGC-5,6,22,30,61,62,77,84,91,97,106,114,119,131,133,135,
TATAT-5,6,19,22,27,30,58,61,62,72,77,84,91,92,94,97,106,114,119,131,133,134,135,
GACGA-5,6,19,22,27,30,58,61,62,72,77,84,91,92,94,97,106,114,119,131,133,134,135,
GCCAG-5,6,19,22,27,30,58,61,62,72,77,84,91,92,94,97,106,114,119,131,133,134,135,
GAACG-6,22,30,61,72,77,84,106,114,119,133,
GCCAC-5,6,19,22,27,30,58,61,62,72,77,84,91,92,94,97,106,114,119,131,133,134,135,
AGAGG-5,6,19,22,27,30,58,61,62,72,77,84,91,92,94,97,106,114,119,131,133,134,135,
GCTCC-5,6,19,22,27,30,58,61,62,72,77,84,91,92,94,97,106,114,119,131,133,134,135,
GACGT-5,6,19,22,62,72,91,92,94,97,119,131,134,135,
TATAG-5,6,19,22,27,30,58,61,62,72,77,84,91,92,94,97,106,114,119,131,133,134,135,
TATAC-5,6,19,22,27,30,58,61,62,72,77,84,91,92,94,97,106,114,119,131,133,134,135,
TAGGT-5,6,19,22,27,30,58,61,62,72,77,84,91,92,94,97,106,114,119,131,133,134,135,
TATAA-5,6,19,22,27,30,58,61,62,72,77,84,91,92,94,97,106,114,119,131,133,134,135,
ATCCT-5,6,19,22,27,30,58,61,62,72,77,84,91,92,94,97,106,114,119,131,133,134,135,
GCCAT-5,6,19,22,27,30,58,61,62,72,77,84,91,92,94,97,106,114,119,131,133,134,135,
GCTCA-5,6,19,22,27,30,58,61,62,72,77,84,91,92,94,97,106,114,119,131,133,134,135,
GAACT-5,6,19,22,27,30,58,61,62,72,77,84,91,92,94,97,106,114,119,131,133,134,135,
TCGAG-27,97,
TAGGG-5,6,19,22,27,30,58,61,62,72,77,84,91,92,94,97,106,114,119,131,133,134,135,
TCGAC-5,6,22,27,61,72,84,91,92,114,119,131,134,135,
TCGAA-5,6,19,22,58,62,72,77,91,92,97,119,131,134,
TAGGC-5,6,19,22,27,30,58,61,62,72,77,84,91,92,94,97,106,114,119,131,133,134,135,
TAGGA-5,6,19,22,27,30,58,61,62,72,77,84,91,92,94,97,106,114,119,131,133,134,135,
ATCCC-5,6,19,22,27,30,58,61,62,72,77,84,91,92,94,97,106,114,119,131,133,134,135,
ATCCG-30,61,106,131,
ATCCA-5,6,19,22,27,30,58,61,62,72,77,84,91,92,94,97,106,114,119,131,133,134,135,
GCCCC-5,6,19,22,27,30,58,61,62,72,77,84,91,92,94,97,106,114,119,131,133,134,135,
GCCCA-5,6,19,22,30,58,61,62,72,77,84,91,92,94,97,106,114,119,131,133,134,135,
CTACG-5,19,22,30,58,61,62,72,77,84,92,94,97,106,114,119,131,133,
CTACC-5,6,19,22,27,30,58,61,62,72,77,84,91,92,94,97,106,114,119,131,133,134,135,
AGAAC-5,6,19,22,27,30,58,61,62,72,77,84,91,92,94,97,106,114,119,131,133,134,135,
AGAAA-5,6,19,22,27,30,58,61,62,72,77,84,91,92,94,97,106,114,119,131,133,134,135,
CTACA-5,6,19,22,27,30,58,61,62,72,77,84,91,92,94,97,106,114,119,131,133,134,135,
TAGAG-5,6,19,22,30,61,62,77,84,91,92,94,97,106,114,119,131,133,134,135,
GCCCT-5,6,19,22,27,30,58,61,62,72,77,84,91,92,94,97,106,114,119,131,133,134,135,
TAGAC-5,6,19,22,27,30,58,61,62,72,77,84,91,92,94,97,106,114,119,131,133,134,135,
TAGAA-5,6,19,22,27,30,58,61,62,72,77,84,91,92,94,97,106,114,119,131,133,134,135,
CTACT-5,6,19,22,27,30,58,61,62,72,77,84,91,92,94,97,106,114,119,131,133,134,135,
AGCCT-5,6,19,22,27,30,58,61,62,72,77,84,91,92,94,97,106,114,119,131,133,134,135,
GCAAC-5,6,19,22,27,30,58,61,62,72,77,84,91,92,94,97,106,114,119,131,133,134,135,
GAAGG-5,6,19,22,27,30,58,61,62,72,77,84,91,92,94,97,106,114,119,131,133,134,135,
GGGAC-133,
ACTTT-5,6,19,22,27,30,58,61,62,72,77,84,91,92,94,97,106,114,119,131,133,134,135,
CTAAG-5,6,19,22,27,30,58,61,62,72,77,84,91,92,94,97,106,114,119,131,133,134,135,
CCATA-5,6,19,22,27,30,58,61,62,72,77,84,91,92,94,97,106,114,119,131,133,134,135,
CGGTA-27,
GCAAA-5,6,19,22,27,30,58,61,62,72,77,84,91,92,94,97,106,114,119,131,133,134,135,
AGCGA-5,22,27,30,58,61,62,72,77,84,91,92,94,97,106,114,119,131,133,134,135,
CGGTC-5,6,19,22,58,61,62,72,77,91,92,94,97,106,114,119,131,133,134,135,
GAAGC-5,6,19,22,27,30,58,61,62,72,77,84,91,92,94,97,106,114,119,131,133,134,135,
GGGAG-5,6,19,22,27,30,58,61,62,72,77,84,91,92,94,97,106,114,119,131,133,134,135,
CTAAC-5,6,19,22,27,30,58,61,62,72,77,84,91,92,94,97,106,114,119,131,133,134,135,
GAAGA-5,6,19,22,27,30,58,61,62,72,77,84,91,92,94,97,106,114,119,131,133,134,135,
CTAAA-5,6,19,22,27,30,58,61,62,72,77,84,91,92,94,97,106,114,119,131,133,134,135,
CGGTG-5,19,27,58,62,72,77,84,91,92,94,97,114,133,
CTTGC-5,6,19,22,27,30,58,61,62,72,77,84,91,92,94,97,106,114,119,131,133,134,135,
CTTGA-5,6,19,22,27,30,58,61,62,72,77,84,91,92,94,97,106,114,119,131,133,134,135,
GCAAG-5,6,19,22,27,30,58,61,62,72,77,84,91,92,94,97,106,114,119,131,133,134,135,
AGACA-5,6,19,22,27,30,58,61,62,72,77,84,91,92,94,97,106,114,119,131,133,134,135,
GGGAA-5,6,19,22,27,30,58,61,62,72,77,84,91,92,94,97,106,114,119,131,133,134,135,
AGACC-5,6,19,22,27,30,58,61,62,72,84,91,92,94,97,106,114,119,133,135,
ATTAT-5,6,19,22,27,30,58,61,62,72,77,84,91,92,94,97,106,114,119,131,133,134,135,
GCTGG-5,6,19,22,27,30,58,61,62,72,77,84,91,92,94,97,106,114,119,131,133,134,135,
ACTTC-5,6,19,22,27,30,58,61,62,72,77,84,91,92,94,97,106,114,119,131,133,134,135,
AAATT-5,6,19,22,27,30,58,61,62,72,77,84,91,92,94,97,106,114,119,131,133,134,135,
GAAGT-5,6,19,22,27,30,58,61,62,72,77,84,91,92,94,97,106,114,119,131,133,134,135,
GGGAT-5,6,19,22,27,30,58,61,62,72,77,84,91,92,94,97,106,114,119,131,133,134,135,
TAGCT-5,6,19,22,27,30,58,61,62,72,77,84,91,92,94,97,106,114,119,131,133,134,135,
ACTTG-5,6,19,22,27,30,58,61,62,72,77,84,91,92,94,97,106,114,119,131,133,134,135,
ATTAC-5,6,19,22,27,30,58,61,62,72,77,84,91,92,94,97,106,114,119,131,133,134,135,
ATTAA-5,6,19,22,27,30,58,61,62,72,77,84,91,92,94,97,106,114,119,131,133,134,135,
ATGGT-5,6,19,22,27,30,58,61,62,72,77,84,91,92,94,97,106,114,119,131,133,134,135,
GCTGA-5,6,19,22,27,30,58,61,62,72,77,84,91,92,94,97,106,114,119,131,133,134,135,
GAGTC-5,6,19,22,27,30,58,61,62,72,77,84,91,92,94,97,106,114,119,131,133,134,135,
CCATG-5,6,19,22,27,30,58,61,62,72,77,84,91,92,94,97,106,114,119,131,133,134,135,
ATTAG-5,6,19,22,27,30,58,61,62,72,77,84,91,92,94,97,106,114,119,131,133,134,135,
GAGTA-5,6,19,22,27,30,58,61,62,72,77,84,91,92,94,97,106,114,119,131,133,134,135,
GCAAT-5,6,19,22,27,30,58,61,62,72,77,84,91,92,94,97,106,114,119,131,133,134,135,
TAGCG-97,
AAATC-5,6,19,22,27,30,58,61,62,72,77,84,91,92,94,97,106,114,119,131,133,134,135,
TAGCC-5,6,19,22,27,30,58,61,62,72,77,84,91,92,94,97,106,114,119,131,133,134,135,
AAATG-5,6,19,22,27,30,58,61,62,72,77,84,91,92,94,97,106,114,119,131,133,134,135,
TAGCA-5,6,19,27,30,61,62,72,77,84,91,92,94,97,106,119,131,134,135,
GAGTG-5,6,19,22,27,30,58,61,62,72,77,84,91,92,94,97,106,114,119,131,133,134,135,
CTTGT-5,6,19,22,27,30,58,61,62,72,77,84,91,92,94,97,106,114,119,131,133,134,135,
GAGTT-5,6,19,22,27,30,58,61,62,72,77,84,91,92,94,97,106,114,119,131,133,134,135,
ATGGC-5,6,19,22,27,30,58,61,62,72,77,84,91,92,94,97,106,114,119,131,133,134,135,
ACTTA-5,6,19,22,27,30,58,61,62,72,77,84,91,92,94,97,106,114,119,131,133,134,135,
GCTGT-5,6,19,22,27,30,58,61,62,72,77,84,91,92,94,97,106,114,119,131,133,134,135,
CCATT-5,6,19,22,27,30,58,61,62,72,77,84,91,92,94,97,106,114,119,131,133,134,135,
AGTGT-5,6,19,22,27,30,58,61,62,72,77,84,91,92,94,97,106,114,119,131,133,134,135,
ATGGG-5,6,19,22,27,30,58,61,62,72,77,84,91,92,94,97,106,114,119,131,133,134,135,
CGGTT-5,6,19,22,30,61,62,72,77,84,91,92,97,106,114,119,131,133,134,135,
CTTGG-5,6,19,22,27,30,58,61,62,72,77,84,91,92,94,97,106,114,119,131,133,134,135,
CTAAT-5,6,19,22,27,30,58,61,62,72,77,84,91,92,94,97,106,114,119,131,133,134,135,
AGAAG-5,6,19,22,27,30,58,61,62,72,77,84,91,92,94,97,106,114,119,131,133,134,135,
ATGGA-5,6,19,22,27,30,58,61,62,72,77,84,91,92,94,97,106,114,119,131,133,134,135,
AGTGG-5,6,19,22,27,30,58,61,62,72,77,84,91,92,94,97,106,114,119,131,133,134,135,
AGTGA-5,6,19,22,27,30,58,61,62,72,77,84,91,92,94,97,106,114,119,131,133,134,135,
AGTGC-5,6,19,22,27,30,58,61,62,72,77,84,91,92,94,97,106,114,119,131,133,134,135,
CTCCG-27,
GCACC-5,6,19,22,27,30,58,61,62,72,77,84,91,92,94,97,106,114,119,131,133,134,135,
GCACA-62,94,
CTCCC-5,6,19,22,27,30,58,61,62,72,77,84,91,92,94,97,106,114,119,131,133,134,135,
AATTT-5,6,19,22,27,30,58,61,62,72,77,84,91,92,94,97,106,114,119,131,133,134,135,
TCTAT-5,6,19,22,27,30,58,61,62,72,77,84,91,92,94,97,106,114,119,131,133,134,135,
CTCCA-5,6,19,22,27,30,58,61,62,72,77,84,91,92,94,97,106,114,119,131,133,134,135,
AGCAA-5,6,19,22,27,30,58,61,62,72,77,84,91,92,94,97,106,114,119,131,133,134,135,
AGCAC-5,6,19,22,27,30,58,61,62,72,77,84,91,92,94,97,106,114,119,131,133,134,135,
TATGT-5,6,19,22,27,30,58,61,62,72,77,84,91,92,94,97,106,114,119,131,133,134,135,
GCACG-5,6,19,22,27,30,61,62,77,84,91,92,94,97,106,114,119,131,133,134,135,
AATTC-5,6,19,22,27,30,58,61,62,72,77,84,91,92,94,97,106,114,119,131,133,134,135,
GCACT-5,6,19,30,61,62,72,77,84,91,92,106,131,134,
GGGCT-5,6,19,22,27,30,58,61,62,72,77,84,91,92,94,97,106,114,119,131,133,134,135,
AATTA-5,6,19,22,27,30,58,61,62,72,77,84,91,92,94,97,106,114,119,131,133,134,135,
TCTAG-5,6,19,22,27,30,58,61,62,72,77,84,91,92,94,97,106,114,119,131,133,134,135,
AGTAT-6,19,22,30,61,62,77,84,91,92,94,106,114,131,134,135,
AATTG-5,6,19,22,27,30,58,61,62,72,77,84,91,92,94,97,106,114,119,131,133,134,135,
ACGTT-5,6,19,22,27,30,58,61,62,77,84,91,92,94,97,106,114,119,131,133,134,135,
TCTAC-5,6,19,22,27,30,58,61,62,72,77,84,91,92,94,97,106,114,119,131,133,134,135,
TATGG-5,6,19,22,27,30,58,61,62,72,77,84,91,92,94,97,106,114,119,131,133,134,135,
TAAAT-5,6,19,22,27,30,58,61,62,72,77,84,91,92,94,97,106,114,119,131,133,134,135,
TCTAA-6,22,30,62,84,91,
ATGAT-5,6,19,22,27,30,58,61,62,72,77,84,91,92,94,97,106,114,119,131,133,134,135,
TATGA-5,6,19,22,27,30,58,61,62,72,77,84,91,92,94,97,106,114,119,131,133,134,135,
ATGAG-5,6,19,22,27,30,58,61,62,72,77,84,91,92,94,97,106,114,119,131,133,134,135,
AGTAG-5,6,19,22,27,30,58,61,62,72,77,84,91,92,94,97,106,114,119,131,133,134,135,
ACGTA-6,19,27,30,61,62,72,84,94,106,134,135,
TAAAG-5,6,19,22,27,30,58,61,62,72,77,84,91,92,94,97,106,114,119,131,133,134,135,
AGTAC-58,61,72,97,
ACGTC-5,6,19,22,30,58,61,62,77,84,91,92,94,97,106,114,119,131,133,134,
TAAAC-5,6,19,22,27,30,58,61,62,72,77,84,91,92,94,97,106,114,119,131,133,134,135,
CGAGC-27,97,
TAAAA-5,6,19,22,27,30,58,61,62,72,77,84,91,92,94,97,106,114,119,131,133,134,135,
ACGTG-5,19,22,27,30,58,61,62,72,77,84,91,92,97,106,114,119,131,134,135,
ATGAC-5,6,19,22,27,30,58,61,62,72,77,84,91,92,94,97,106,114,119,131,133,134,135,
ATGAA-5,6,19,22,27,30,58,61,62,72,77,84,91,92,94,97,106,114,119,131,133,134,135,
CTCCT-5,6,19,22,27,30,58,61,62,72,77,84,91,92,94,97,106,114,119,131,133,134,135,
AGTAA-5,6,19,22,27,30,58,61,62,72,77,84,91,92,94,97,106,114,119,131,133,134,135,
AGGGT-5,6,19,22,27,30,58,61,62,72,77,84,91,92,94,97,106,114,119,131,133,134,135,
ACAGT-5,6,19,22,27,30,58,61,62,72,77,84,91,92,94,97,106,114,119,131,133,134,135,
CTCAC-5,6,19,22,27,30,58,61,62,72,77,84,91,92,94,97,106,114,119,131,133,134,135,
AGCCC-5,6,19,22,27,30,58,61,62,72,77,84,91,92,94,97,106,114,119,131,133,134,135,
TCTCT-5,6,19,22,27,30,58,61,62,72,77,84,91,92,94,97,106,114,119,131,133,134,135,
AGCCA-5,6,19,22,27,30,58,61,62,72,77,84,91,92,94,97,106,114,119,131,133,134,135,
CTCAG-5,6,19,22,27,30,58,61,62,72,77,84,91,92,94,97,106,114,119,131,133,134,135,
AACTT-5,6,19,22,27,30,58,61,62,72,77,84,91,92,94,97,106,114,119,131,133,134,135,
TCCAT-5,6,19,22,27,30,58,61,62,72,77,84,91,92,94,97,106,114,119,131,133,134,135,
CCCTG-5,6,19,22,27,30,58,61,62,72,77,84,91,92,94,97,106,114,119,131,133,134,135,
TCTCC-5,6,19,22,27,30,58,61,62,72,77,84,91,92,94,97,106,114,119,131,133,134,135,
TAACT-5,6,19,22,27,30,58,61,62,72,77,84,91,92,94,97,106,114,119,131,133,134,135,
TCTCA-5,6,19,22,27,30,58,61,62,72,77,84,91,92,94,97,106,114,119,131,133,134,135,
CCCTC-5,6,19,22,27,30,58,61,62,72,77,84,91,92,94,97,106,114,119,131,133,134,135,
TACGT-5,6,19,22,27,30,58,61,62,77,84,92,94,97,106,114,119,131,133,134,135,
ATGCT-5,6,19,22,27,30,58,61,62,72,77,84,91,92,94,97,106,114,119,131,133,134,135,
CCCTA-5,6,19,22,27,30,58,61,62,72,77,84,91,92,94,97,106,114,119,131,133,134,135,
CGACT-5,6,22,27,61,72,84,91,92,114,119,131,134,135,
AACTC-5,6,19,22,27,30,58,61,62,72,77,84,91,92,94,97,106,114,119,131,133,134,135,
AACTA-5,6,19,22,27,58,61,72,77,84,91,92,94,97,106,114,119,131,133,134,135,
CTTCT-5,6,19,22,27,30,58,61,62,72,77,84,91,92,94,97,106,114,119,131,133,134,135,
ATGCG-5,27,30,58,72,97,119,133,
AACTG-5,6,19,22,27,30,58,61,62,72,77,84,91,92,94,97,106,114,119,131,133,134,135,
TCCAG-5,6,19,22,27,30,58,61,62,72,77,84,91,92,94,97,106,114,119,131,133,134,135,
AGCAT-5,6,19,22,27,30,58,61,62,72,77,84,91,92,94,97,106,114,119,131,133,134,135,
TAACG-6,61,
TACGG-5,19,22,27,30,58,62,72,77,84,91,92,94,97,114,131,133,134,135,
ATGCA-5,6,19,22,27,30,58,61,62,72,77,84,91,92,94,97,106,114,119,131,133,134,135,
TCCAC-5,6,19,22,27,30,58,61,62,72,77,84,91,92,94,97,106,114,119,131,133,134,135,
AGTCT-5,6,19,22,27,30,58,61,62,72,77,84,91,92,94,97,106,114,119,131,133,134,135,
TAACC-19,30,58,62,77,92,94,97,106,131,133,134,135,
TCCAA-5,6,19,22,27,30,58,61,62,72,77,84,91,92,94,97,106,114,119,131,133,134,135,
TAACA-5,6,19,22,27,30,58,61,62,72,77,84,91,92,94,97,106,114,119,131,133,134,135,
CCCTT-5,6,19,22,27,30,58,61,62,72,77,84,91,92,94,97,106,114,119,131,133,134,135,
ATGCC-5,6,19,22,27,30,58,61,62,72,77,84,91,92,94,97,106,114,119,131,133,134,135,
CTCAT-5,6,19,22,27,30,58,61,62,72,77,84,91,92,94,97,106,114,119,131,133,134,135,
CTTCC-5,6,19,22,27,30,58,61,62,72,77,84,91,92,94,97,106,114,119,131,133,134,135,
CTTCA-5,6,19,22,27,30,58,61,62,72,77,84,91,92,94,97,106,114,119,131,133,134,135,
AGCAG-22,58,84,92,97,106,114,131,133,
GCAGA-5,6,19,22,27,30,58,61,62,72,77,84,91,92,94,97,106,114,119,131,133,134,135,
AGTCA-5,6,19,22,27,30,58,61,62,72,77,84,91,92,94,97,106,114,119,131,133,134,135,
AGTCC-5,6,19,22,27,30,58,61,62,72,77,84,91,92,94,97,106,114,119,131,133,134,135,
CTGGG-5,6,19,22,27,30,58,61,62,72,77,84,91,92,94,97,106,114,119,131,133,134,135,
CGAAT-27,30,61,62,72,77,94,97,106,133,135,
CTGGC-5,6,19,22,27,30,58,61,62,72,77,84,91,92,94,97,106,114,119,131,133,134,135,
TATCT-5,6,19,22,27,30,58,61,62,72,77,84,91,92,94,97,106,114,119,131,133,134,135,
GCAGC-22,58,84,92,97,106,114,131,133,
CTGGA-5,6,19,22,27,30,58,61,62,72,77,84,91,92,94,97,106,114,119,131,133,134,135,
CGTGT-5,6,19,22,27,30,58,61,62,72,77,84,91,92,94,97,106,114,119,131,133,134,135,
GGTAG-5,6,19,22,27,30,58,61,62,72,77,84,91,92,94,97,106,114,119,131,133,134,135,
GCGTA-5,27,30,58,72,97,119,133,
CGAAG-5,6,19,22,27,30,58,62,72,77,84,91,92,94,97,106,114,119,131,133,134,135,
GTGAC-5,6,19,22,27,30,58,61,62,72,77,84,91,92,94,97,106,114,119,131,133,134,135,
GCAGT-5,6,19,22,27,30,58,61,62,72,77,84,91,92,94,97,106,114,119,131,133,134,135,
GTGAA-5,6,19,22,27,30,58,61,62,72,77,84,91,92,94,97,106,114,119,131,133,134,135,
TATCG-62,
GCGTG-5,6,19,22,27,30,61,62,72,77,84,91,92,94,97,106,114,119,131,133,134,135,
TCGCT-27,62,92,97,
TACAT-5,6,19,22,27,30,58,61,62,72,77,84,91,92,94,97,106,114,119,131,133,134,135,
CAATG-5,6,19,22,27,30,58,61,62,72,77,84,91,92,94,97,106,114,119,131,133,134,135,
TATCC-5,6,19,22,27,30,58,61,62,72,77,84,91,92,94,97,106,114,119,131,133,134,135,
TATCA-5,6,19,22,27,30,58,61,62,72,77,84,91,92,94,97,106,114,119,131,133,134,135,
CGTGA-5,19,22,27,30,58,61,62,72,77,84,91,92,97,106,114,119,131,134,135,
CAATC-5,6,19,22,27,30,58,61,62,72,77,84,91,92,94,97,106,114,119,131,133,134,135,
GGTAC-5,6,19,22,27,30,58,61,62,72,77,84,91,92,94,97,106,114,119,131,133,134,135,
CGTGC-5,6,19,22,27,30,61,62,72,77,84,91,92,94,97,106,114,119,131,133,134,135,
GGGGT-5,6,19,22,27,30,61,62,77,84,91,92,94,97,106,114,119,131,133,134,135,
GGTAA-5,6,19,22,27,30,58,61,72,77,84,91,92,94,97,106,114,119,131,133,134,135,
CAATA-5,6,19,22,27,30,58,61,62,72,77,84,91,92,94,97,106,114,119,131,133,134,135,
GATTA-5,6,19,22,27,30,58,61,62,72,77,84,91,92,94,97,106,114,119,131,133,134,135,
CTTAT-5,6,19,22,27,30,58,61,62,72,77,84,91,92,94,97,106,114,119,131,133,134,135,
GTGAT-5,6,19,22,27,30,58,61,62,72,77,84,91,92,94,97,106,114,119,131,133,134,135,
TACAG-5,6,19,22,27,30,58,61,62,72,77,84,91,92,94,97,106,114,119,131,133,134,135,
ACACT-5,6,19,22,27,30,58,61,62,72,77,84,91,92,94,97,106,114,119,131,133,134,135,
TACAC-5,6,19,22,27,30,58,61,62,72,77,84,91,92,94,97,106,114,119,131,133,134,135,
AGGCT-5,6,19,22,27,30,58,61,62,72,77,84,91,92,94,97,106,114,119,131,133,134,135,
TCGCC-6,
TACAA-5,6,19,22,27,30,58,61,62,72,77,84,91,92,94,97,106,114,119,131,133,134,135,
CCTTG-5,6,19,22,27,30,58,61,62,72,77,84,91,92,94,97,106,114,119,131,133,134,135,
CCTTC-5,6,19,22,27,30,58,61,62,72,77,84,91,92,94,97,106,114,119,131,133,134,135,
CAATT-5,6,19,22,27,30,58,61,62,72,77,84,91,92,94,97,106,114,119,131,133,134,135,
GGTAT-5,6,19,22,27,30,58,61,62,72,77,84,91,92,94,97,106,114,119,131,133,134,135,
CCTTA-5,6,19,22,27,30,58,61,62,72,77,84,91,92,94,97,106,114,119,131,133,134,135,
GTGAG-5,6,19,22,27,30,58,61,62,72,77,84,91,92,94,97,106,114,119,131,133,134,135,
ACACG-5,6,94,131,133,
CTTAC-5,6,19,22,27,30,58,61,62,72,77,84,91,92,94,97,106,114,119,131,133,134,135,
AGGCC-5,6,19,22,27,30,58,61,62,72,77,84,91,92,94,97,106,114,119,131,133,134,135,
CTGGT-5,6,19,22,27,30,58,61,62,72,77,84,91,92,94,97,106,114,119,131,133,134,135,
CTTAA-5,6,19,22,27,30,58,61,62,72,77,84,91,92,94,97,106,114,119,131,133,134,135,
CCTTT-5,6,19,22,27,30,58,61,62,72,77,84,91,92,94,97,106,114,119,131,133,134,135,
GATTT-5,6,19,22,27,30,58,61,62,72,77,84,91,92,94,97,106,114,119,131,133,134,135,
ACCGT-5,58,61,62,84,97,131,134,
CTTAG-5,6,19,22,27,30,58,61,62,72,77,84,91,92,94,97,106,114,119,131,133,134,135,
GGCAG-5,6,19,22,27,30,58,61,62,72,77,84,91,92,94,97,106,114,119,131,133,134,135,
CGCCT-6,
ACAGC-5,6,19,22,27,30,58,61,62,72,77,84,91,92,94,97,106,114,119,131,133,134,135,
AGGGC-5,6,19,22,27,30,58,61,62,72,77,84,91,92,94,97,106,114,119,131,133,134,135,
GGCAA-5,6,19,22,27,30,58,61,62,72,77,84,91,92,94,97,106,114,119,131,133,134,135,
ACAGA-5,6,19,22,27,30,58,61,62,72,77,84,91,92,94,97,106,114,119,131,133,134,135,
ACAGG-5,6,19,22,27,30,58,61,62,72,77,84,91,92,94,97,106,114,119,131,133,134,135,
AGGGA-5,6,19,22,27,30,58,61,62,72,77,84,91,92,94,97,106,114,119,131,133,134,135,
GACTA-58,84,
GTGCG-84,135,
GTGCA-5,6,19,22,27,30,58,61,62,72,77,84,91,92,94,97,106,114,119,131,133,134,135,
GGTCA-5,6,19,22,27,30,58,61,62,72,77,84,91,92,94,97,106,114,119,131,133,134,135,
TACCT-5,6,19,22,27,30,58,61,62,72,77,84,91,92,94,97,106,114,119,131,133,134,135,
GACTG-5,6,19,22,27,30,58,61,62,72,77,84,91,92,94,97,106,114,119,131,133,134,135,
GGTCC-22,119,
GGCAT-5,6,19,22,27,30,58,61,62,72,77,84,91,92,94,97,106,114,119,131,133,134,135,
GTGCT-5,6,19,22,27,30,58,61,62,72,77,84,91,92,94,97,106,114,119,131,133,134,135,
TACCC-5,6,19,22,27,30,58,61,62,72,77,84,91,92,94,97,106,114,119,131,133,134,135,
TACCA-5,6,19,22,27,30,58,61,62,72,77,84,91,92,94,97,106,114,119,131,133,134,135,
CGAAA-5,6,19,22,27,30,58,61,62,72,77,84,91,92,94,97,106,114,119,131,133,134,135,
GACTT-5,6,19,22,27,30,58,61,62,72,77,84,91,92,94,97,106,114,119,131,133,134,135,
CGAAC-22,30,61,77,84,106,114,133,
GGTCT-5,6,19,22,27,30,58,61,62,72,77,84,91,92,94,97,106,114,119,131,133,134,135,
CTGCC-5,6,19,22,27,30,58,61,62,72,77,84,91,92,94,97,106,114,119,131,133,134,135,
CTGCA-5,6,19,22,27,30,58,61,62,72,77,84,91,92,94,97,106,114,119,131,133,134,135,
GGCCA-5,6,19,22,27,30,58,61,62,72,77,84,91,92,94,97,106,114,119,131,133,134,135,
AAAGA-5,6,19,22,27,30,58,61,62,72,77,84,91,92,94,97,106,114,119,131,133,134,135,
GGCCC-5,6,19,22,27,30,58,61,62,72,77,84,91,92,94,97,106,114,119,131,133,134,135,
ACAAA-5,6,19,22,27,30,58,61,62,72,77,84,91,92,94,97,106,114,119,131,133,134,135,
AAAGC-5,6,19,22,27,30,58,61,62,72,77,84,91,92,94,97,106,114,119,131,133,134,135,
CACTG-5,6,19,22,27,30,58,61,62,72,77,84,91,92,94,97,106,114,119,131,133,134,135,
CACTC-5,6,19,22,27,30,58,61,62,72,77,84,91,92,94,97,106,114,119,131,133,134,135,
TCACT-5,6,19,22,27,30,58,61,62,72,77,84,91,92,94,97,106,114,119,131,133,134,135,
CACTA-5,6,19,22,27,30,58,61,62,72,77,84,91,92,94,97,106,114,119,131,133,134,135,
GGCCT-5,6,19,22,27,30,58,61,62,72,77,84,91,92,94,97,106,114,119,131,133,134,135,
TCCGT-30,61,106,131,
CGTCA-5,19,22,30,58,61,62,77,84,92,94,97,106,114,119,131,133,
ACCCT-5,6,19,22,27,30,58,61,62,72,77,84,91,92,94,97,106,114,119,131,133,134,135,
CACTT-5,6,19,22,27,30,58,61,62,72,77,84,91,92,94,97,106,114,119,131,133,134,135,
TCCGG-6,19,22,27,61,62,72,84,91,94,97,114,119,131,134,
TCACC-5,6,19,22,27,30,58,61,62,72,77,84,91,92,94,97,106,114,119,131,133,134,135,
TCACA-5,6,19,22,27,30,58,61,62,72,77,84,91,92,94,97,106,114,119,131,133,134,135,
CTGCT-5,6,19,22,27,30,58,61,62,72,77,84,91,92,94,97,106,114,119,131,133,134,135,
CGTCT-5,6,19,22,62,91,92,97,119,131,134,
TCCGA-27,30,61,62,72,77,94,97,106,133,135,
CCAGT-5,6,19,22,27,30,58,61,62,72,77,84,91,92,94,97,106,114,119,131,133,134,135,
CTGAA-5,6,19,22,27,30,58,61,62,72,77,84,91,92,94,97,106,114,119,131,133,134,135,
CGTAA-27,30,61,62,84,94,106,134,135,
GGTGA-5,6,19,22,27,30,58,61,62,72,77,84,91,92,94,97,106,114,119,131,133,134,135,
CGTAG-5,6,19,22,27,30,58,61,62,72,77,84,91,92,94,97,106,114,119,131,133,134,135,
GGAAA-5,6,19,22,27,30,58,61,62,72,77,84,91,92,94,97,106,114,119,131,133,134,135,
GGAAC-5,6,19,22,27,30,58,61,62,72,77,84,91,92,94,97,106,114,119,131,133,134,135,
AGGCA-5,6,19,22,27,30,58,61,62,72,77,84,91,92,94,97,106,114,119,131,133,134,135,
CTGAG-5,6,19,22,27,30,58,61,62,72,77,84,91,92,94,97,106,114,119,131,133,134,135,
ACACC-5,6,19,22,27,30,58,61,62,72,77,84,91,92,94,97,106,114,119,131,133,134,135,
GGAAG-5,6,19,22,27,30,58,61,62,72,77,84,91,92,94,97,106,114,119,131,133,134,135,
ACACA-5,6,19,22,27,30,58,61,62,72,77,84,91,92,94,97,106,114,119,131,133,134,135,
CCAGG-5,6,19,22,27,30,58,61,62,72,77,84,91,92,94,97,106,114,119,131,133,134,135,
CTGAC-5,6,19,22,27,30,58,61,62,72,77,84,91,92,94,97,106,114,119,131,133,134,135,
GAATC-5,6,19,22,27,30,58,61,62,72,77,84,91,92,94,97,106,114,119,131,133,134,135,
TGGCA-5,6,19,22,27,30,58,61,62,72,77,84,91,92,94,97,106,114,119,131,133,134,135,
GAATA-5,6,19,22,27,30,58,61,62,72,77,84,91,92,94,97,106,114,119,131,133,134,135,
TGGCC-5,6,19,22,27,30,58,61,62,72,77,84,91,92,94,97,106,114,119,131,133,134,135,
CCGTG-5,6,19,22,27,30,58,61,62,72,77,84,91,92,94,97,106,114,119,131,133,134,135,
AAGTT-5,6,19,22,27,30,58,61,62,72,77,84,91,92,94,97,106,114,119,131,133,134,135,
GTGGG-5,6,19,22,27,30,58,61,62,72,77,84,91,92,94,97,106,114,119,131,133,134,135,
GTGGC-5,6,19,22,27,30,58,61,62,72,77,84,91,92,94,97,106,114,119,131,133,134,135,
GGTGC-5,6,19,22,27,30,58,61,62,72,77,84,91,92,94,97,106,114,119,131,133,134,135,
GGAAT-5,6,19,22,27,30,58,61,62,72,77,84,91,92,94,97,106,114,119,131,133,134,135,
GAATG-5,6,19,22,27,30,58,61,62,72,77,84,91,92,94,97,106,114,119,131,133,134,135,
GAATT-5,6,19,22,27,30,58,61,62,72,77,84,91,92,94,97,106,114,119,131,133,134,135,
ACAAT-5,6,19,22,27,30,58,61,62,72,77,84,91,92,94,97,106,114,119,131,133,134,135,
AGGAT-5,6,19,22,27,30,58,61,62,72,77,84,91,92,94,97,106,114,119,131,133,134,135,
GTTAG-5,6,19,22,27,30,58,61,62,72,77,84,91,92,94,97,106,114,119,131,133,134,135,
GCTTG-5,6,19,22,27,30,58,61,62,72,77,84,91,92,94,97,106,114,119,131,133,134,135,
TGGCT-5,6,19,22,27,30,58,61,62,72,77,84,91,92,94,97,106,114,119,131,133,134,135,
AAGTC-5,6,19,22,27,30,58,61,62,72,77,84,91,92,94,97,106,114,119,131,133,134,135,
GTTAC-5,6,19,22,27,30,58,61,62,72,77,84,91,92,94,97,106,114,119,131,133,134,135,
AAGTA-30,61,62,84,106,131,134,
CATTG-5,6,19,22,27,30,58,61,62,72,77,84,91,92,94,97,106,114,119,131,133,134,135,
AAGTG-5,6,19,22,27,30,58,61,62,72,77,84,91,92,94,97,106,114,119,131,133,134,135,
GTGGT-5,6,19,22,27,30,58,61,62,72,77,84,91,92,94,97,106,114,119,131,133,134,135,
GTTAA-5,6,19,22,27,30,58,61,62,72,84,91,92,94,97,106,114,119,133,135,
CCGTT-30,61,106,131,
CATTC-5,6,19,22,27,30,58,61,62,72,77,84,91,92,94,97,106,114,119,131,133,134,135,
GGTGT-5,6,19,22,27,30,58,61,62,72,77,84,91,92,94,97,106,114,119,131,133,134,135,
ACTGT-5,6,19,22,27,30,58,61,62,72,77,84,91,92,94,97,106,114,119,131,133,134,135,
CATTA-5,6,19,22,27,30,58,61,62,72,77,84,91,92,94,97,106,114,119,131,133,134,135,
GCTTA-5,6,19,22,27,30,58,61,62,72,77,84,91,92,94,97,106,114,119,131,133,134,135,
GCTTC-5,6,19,22,27,30,58,61,62,72,77,84,91,92,94,97,106,114,119,131,133,134,135,
GCTTT-5,6,19,22,27,30,58,61,62,72,77,84,91,92,94,97,106,114,119,131,133,134,135,
ACAAC-5,6,19,22,27,30,58,61,62,72,77,84,91,92,94,97,106,114,119,131,133,134,135,
AGGAG-5,6,19,22,27,58,72,77,91,92,94,97,114,119,133,135,
CGTAT-5,6,19,27,30,58,72,97,119,133,135,
AAAGG-5,6,19,22,27,30,58,61,62,72,77,84,91,92,94,97,106,114,119,131,133,134,135,
AGGAA-5,6,19,22,27,30,58,61,62,72,77,84,91,92,94,97,106,114,119,131,133,134,135,
GTTAT-5,6,19,22,27,30,58,61,62,72,77,84,91,92,94,97,106,114,119,131,133,134,135,
ACAAG-5,6,19,30,61,62,77,84,92,106,114,131,134,
AGGAC-5,6,19,22,27,30,58,61,62,72,77,84,91,92,94,97,106,114,119,131,133,134,135,
GGACA-5,6,19,22,27,30,58,61,62,72,77,84,91,92,94,97,106,114,119,131,133,134,135,
CATTT-5,6,19,22,27,30,58,61,62,72,77,84,91,92,94,97,106,114,119,131,133,134,135,
AAAGT-5,6,19,22,27,30,58,61,62,72,77,84,91,92,94,97,106,114,119,131,133,134,135,
ACTGC-5,6,19,22,27,30,58,61,62,72,77,84,91,92,94,97,106,114,119,131,133,134,135,
CTGAT-5,6,19,22,27,30,58,61,62,72,77,84,91,92,94,97,106,114,119,131,133,134,135,
ACTGA-5,6,19,22,27,30,58,61,62,72,77,84,91,92,94,97,106,114,119,131,133,134,135,
AAACA-5,6,19,22,27,30,58,61,62,72,77,84,91,92,94,97,106,114,119,131,133,134,135,
AACGA-6,94,119,
GCCTC-5,6,19,22,27,30,58,61,62,72,77,84,91,92,94,97,106,114,119,131,133,134,135,
GCCTA-5,6,19,22,27,30,58,61,62,72,77,84,91,92,94,97,106,114,119,131,133,134,135,
AATGT-5,6,19,22,27,30,58,61,62,72,77,84,91,92,94,97,106,114,119,131,133,134,135,
GTCAG-5,6,19,22,27,30,58,61,62,72,77,84,91,92,94,97,106,114,119,131,133,134,135,
TGGAA-5,6,19,22,27,30,58,61,62,72,77,84,91,92,94,97,106,114,119,131,133,134,135,
ACTAT-5,6,19,22,27,30,58,61,62,72,84,91,92,94,97,106,114,119,131,133,134,135,
GTCAC-5,6,19,22,27,30,58,61,62,72,77,84,91,92,94,97,106,114,119,131,133,134,135,
TGGAC-5,6,19,22,27,30,58,61,62,72,77,84,91,92,94,97,106,114,119,131,133,134,135,
TCCCT-5,6,19,22,27,30,58,61,62,72,77,84,91,92,94,97,106,114,119,131,133,134,135,
TGGAG-5,6,19,22,27,30,58,61,62,72,77,84,91,92,94,97,106,114,119,131,133,134,135,
GGACT-5,6,19,22,27,30,58,61,62,72,77,84,91,92,94,97,106,114,119,131,133,134,135,
GCCTG-5,6,19,22,27,30,58,61,62,72,77,84,91,92,94,97,106,114,119,131,133,134,135,
GCCTT-5,6,19,22,27,30,58,61,62,72,77,84,91,92,94,97,106,114,119,131,133,134,135,
ACTAA-5,6,19,22,27,30,58,61,72,77,84,91,92,94,97,106,114,119,131,133,134,135,
ACGGT-5,6,19,22,27,30,58,61,62,72,77,84,91,92,94,97,106,114,119,131,133,134,135,
AATGC-5,6,19,22,27,30,58,61,62,72,77,84,91,92,94,97,106,114,119,131,133,134,135,
GTTCG-5,6,19,22,27,61,72,84,91,92,114,119,131,134,135,
AATGG-5,6,19,22,27,30,58,61,62,72,77,84,91,92,94,97,106,114,119,131,133,134,135,
GTCAT-5,6,19,22,27,30,58,61,62,72,77,84,91,92,94,97,106,114,119,131,133,134,135,
AAAAT-5,6,19,22,27,30,58,61,62,72,77,84,91,92,94,97,106,114,119,131,133,134,135,
TGGAT-5,6,19,22,27,30,58,61,62,72,77,84,91,92,94,97,106,114,119,131,133,134,135,
ACTAC-5,6,22,27,30,58,61,62,72,77,84,91,92,94,97,106,114,119,131,133,134,135,
TCCCG-6,19,27,72,131,134,
GTTCC-5,6,19,22,27,30,58,61,62,72,77,84,91,92,94,97,106,114,119,131,133,134,135,
GTTCA-5,6,19,22,27,30,58,61,62,72,77,84,91,92,94,97,106,114,119,131,133,134,135,
TCCCC-5,6,19,22,27,30,58,61,62,72,77,84,91,92,94,97,106,114,119,131,133,134,135,
ACTAG-58,84,
TCCCA-5,6,19,22,27,30,58,61,62,72,77,84,91,92,94,97,106,114,119,131,133,134,135,
AAAAC-5,6,19,22,27,30,58,61,62,72,77,84,91,92,94,97,106,114,119,131,133,134,135,
CCAGC-5,6,19,22,27,30,58,61,62,72,77,84,91,92,94,97,106,114,119,131,133,134,135,
AAAAA-5,6,19,22,27,30,58,61,62,72,77,84,91,92,94,97,106,114,119,131,133,134,135,
CCAGA-5,6,19,22,27,30,58,61,62,72,77,84,91,92,94,97,106,114,119,131,133,134,135,
AAAAG-5,6,19,22,27,30,58,61,62,72,77,84,91,92,94,97,106,114,119,131,133,134,135,
GTTCT-5,6,19,22,27,30,58,61,62,72,77,84,91,92,94,97,106,114,119,131,133,134,135,
AATGA-5,6,19,22,27,30,58,61,62,72,77,84,91,92,94,97,106,114,119,131,133,134,135,
TAGTT-5,6,19,22,27,30,58,61,62,72,77,84,91,92,94,97,106,114,119,131,133,134,135,
CCACG-5,6,19,22,27,30,58,62,72,77,84,91,92,94,97,106,114,119,131,133,134,135,
ACCCA-5,6,19,22,27,30,58,61,62,72,77,84,91,92,94,97,106,114,119,131,133,134,135,
TCTGT-5,6,19,22,27,30,58,61,62,72,77,84,91,92,94,97,106,114,119,131,133,134,135,
CCACC-77,
ACTCT-5,6,19,22,27,30,58,61,62,72,77,84,91,92,94,97,106,114,119,131,133,134,135,
CGGCA-6,19,22,61,62,72,84,91,94,97,114,119,131,134,
TAGTG-5,6,19,22,27,30,58,61,62,72,77,84,91,92,94,97,106,114,119,131,133,134,135,
TAGTC-5,6,19,22,27,30,58,61,62,72,77,84,91,92,94,97,106,114,119,131,133,134,135,
TAGTA-5,6,19,22,27,30,58,61,62,72,77,84,91,92,94,97,106,114,119,131,133,134,135,
GTCCC-5,19,22,58,62,84,92,94,106,114,119,131,133,
TCAAT-5,6,19,22,27,30,58,61,62,72,77,84,91,92,94,97,106,114,119,131,133,134,135,
TCTGG-5,6,19,22,27,30,58,61,62,72,77,84,91,92,94,97,106,114,119,131,133,134,135,
GTCCA-5,6,19,22,27,30,58,61,62,72,77,84,91,92,94,97,106,114,119,131,133,134,135,
CCACT-5,6,19,22,27,30,58,61,62,72,77,84,91,92,94,97,106,114,119,131,133,134,135,
TCTGC-5,6,19,22,27,30,58,61,62,72,77,84,91,92,94,97,106,114,119,131,133,134,135,
CCCGT-5,6,19,22,27,30,62,72,77,84,91,92,94,97,106,114,119,131,133,134,135,
TAAGT-61,135,
TCTGA-5,6,19,22,27,30,58,61,62,72,77,84,91,92,94,97,106,114,119,131,133,134,135,
AAACT-5,6,19,22,27,30,58,61,62,72,77,84,91,92,94,97,106,114,119,131,133,134,135,
ACTCC-5,6,19,22,27,30,58,61,62,72,77,84,91,92,94,97,106,114,119,131,133,134,135,
AACGT-5,6,19,22,27,30,58,61,62,72,77,84,91,92,94,97,106,114,119,131,133,134,135,
ACTCA-5,6,19,22,27,30,58,61,62,72,77,84,91,92,94,97,106,114,119,131,133,134,135,
ACCAT-5,6,19,22,27,30,58,61,62,72,77,84,91,92,94,97,106,114,119,131,133,134,135,
TCAAG-5,6,19,22,27,30,58,61,62,72,77,84,91,92,94,97,106,114,119,131,133,134,135,
GTCCT-5,6,19,22,27,30,58,61,62,72,77,84,91,92,94,97,106,114,119,131,133,134,135,
TAAGG-5,6,19,22,27,30,58,61,62,72,77,84,91,92,94,97,106,114,119,131,133,134,135,
TCAAC-5,6,19,22,27,30,58,61,62,72,77,84,91,92,94,97,106,114,119,131,133,134,135,
TCAAA-5,6,19,22,27,30,58,61,62,72,77,84,91,92,94,97,106,114,119,131,133,134,135,
TAAGC-5,6,19,22,27,30,58,61,62,72,77,84,91,92,94,97,106,114,119,131,133,134,135,
TAAGA-5,6,19,22,27,30,58,61,62,72,77,84,91,92,94,97,106,114,119,131,133,134,135,
ACCAC-119,
AACGG-5,6,19,22,30,58,61,62,72,77,84,91,92,94,97,106,114,119,131,133,134,135,
GGAGA-5,6,19,22,27,30,58,61,62,72,77,84,91,92,94,97,106,114,119,131,133,134,135,
ACCAA-5,6,19,22,27,30,58,61,62,72,77,84,91,92,94,97,106,114,119,131,133,134,135,
AAACC-5,6,19,22,27,30,58,61,62,72,77,84,91,92,94,97,106,114,119,131,133,134,135,
ACCAG-5,6,19,22,27,30,58,61,62,72,77,84,91,92,94,97,106,114,119,131,133,134,135,
AAACG-5,6,19,22,27,30,58,61,62,72,77,84,91,92,94,97,106,114,119,131,133,134,135,
CCTGA-5,6,19,22,27,30,58,61,62,72,77,84,91,92,94,97,106,114,119,131,133,134,135,
CCAAG-5,6,19,22,27,30,58,61,62,72,77,84,91,92,94,97,106,114,119,131,133,134,135,
GGAGG-5,6,19,22,27,30,58,61,62,72,77,84,91,92,94,97,106,114,119,131,133,134,135,
CCAAC-5,6,19,22,27,30,58,61,62,72,77,84,91,92,94,97,106,114,119,131,133,134,135,
CAAGG-5,6,19,22,27,30,58,61,62,72,77,84,91,92,94,97,106,114,119,131,133,134,135,
TGAAA-5,6,19,22,27,30,58,61,62,72,77,84,91,92,94,97,106,114,119,131,133,134,135,
CCAAA-5,6,19,22,27,30,58,61,62,72,77,84,91,92,94,97,106,114,119,131,133,134,135,
TGAAC-5,6,19,22,27,30,58,61,62,72,77,84,91,92,94,97,106,114,119,131,133,134,135,
CAGTG-5,6,19,22,27,30,58,61,62,72,77,84,91,92,94,97,106,114,119,131,133,134,135,
GCATC-5,6,19,22,27,30,58,61,62,72,77,84,91,92,94,97,106,114,119,131,133,134,135,
GGGTG-5,6,19,22,27,30,58,61,62,72,77,84,91,92,94,97,106,114,119,131,133,134,135,
TGAAG-5,6,19,22,27,30,58,61,62,72,77,84,91,92,94,97,106,114,119,131,133,134,135,
GCATA-5,6,19,22,27,30,58,61,62,72,77,84,91,92,94,97,106,114,119,131,133,134,135,
GTAAG-5,6,19,22,27,30,58,61,62,72,77,84,91,92,94,97,106,114,119,131,133,134,135,
CAGTC-5,6,19,22,58,61,62,72,77,84,91,92,94,97,106,114,119,131,133,134,
AATCT-5,6,19,22,27,30,58,61,62,72,77,84,91,92,94,97,106,114,119,131,133,134,135,
CAGTA-5,6,19,22,27,30,58,61,62,72,77,84,91,92,94,97,106,114,119,131,133,134,135,
CGGAG-6,61,
GTAAC-5,6,19,22,30,58,61,62,72,77,91,92,94,97,106,114,119,131,133,134,135,
TGTGA-5,6,19,22,27,30,58,61,62,72,77,84,91,92,94,97,106,114,119,131,133,134,135,
GTAAA-5,6,19,22,27,30,58,61,62,72,77,84,91,92,94,97,106,114,119,131,133,134,135,
CCTGG-5,6,19,22,27,30,58,61,62,72,77,84,91,92,94,97,106,114,119,131,133,134,135,
CCAAT-6,19,27,72,84,91,92,133,
TGTGC-5,6,19,22,27,30,58,61,62,72,77,84,91,92,94,97,106,114,119,131,133,134,135,
CAAGT-5,6,19,22,27,30,58,61,62,72,77,84,91,92,94,97,106,114,119,131,133,134,135,
GCATG-5,6,19,22,27,30,58,61,62,72,77,84,91,92,94,97,106,114,119,131,133,134,135,
CCTGC-5,6,19,22,27,30,58,61,62,72,77,84,91,92,94,97,106,114,119,131,133,134,135,
GGGTC-5,6,19,22,27,30,58,61,62,72,77,84,91,92,94,97,106,114,119,131,133,134,135,
TGTGG-5,6,19,22,27,30,58,61,62,72,77,84,91,92,94,97,106,114,119,131,133,134,135,
AATCA-5,6,19,22,27,30,58,61,62,72,77,84,91,92,94,97,106,114,119,131,133,134,135,
TGAAT-5,6,19,22,27,30,58,61,62,72,77,84,91,92,94,97,106,114,119,131,133,134,135,
GCATT-5,6,19,22,27,30,58,61,62,72,77,84,91,92,94,97,106,114,119,131,133,134,135,
AACAT-5,6,19,22,27,30,58,61,62,72,77,84,91,92,94,97,106,114,119,131,133,134,135,
TTGGC-5,6,19,22,27,30,58,61,62,72,77,84,91,92,94,97,106,114,119,131,133,134,135,
ACGCT-5,6,94,131,
AATCC-5,6,19,22,27,30,58,61,62,72,77,84,91,92,94,97,106,114,119,131,133,134,135,
CAGTT-5,6,19,22,27,30,58,61,62,72,77,84,91,92,94,97,106,114,119,131,133,134,135,
TTGGA-5,6,19,22,27,30,58,61,62,72,77,84,91,92,94,97,106,114,119,131,133,134,135,
GTTGG-5,6,19,22,27,30,58,61,62,72,77,84,91,92,94,97,106,114,119,131,133,134,135,
GTAAT-5,6,19,22,27,30,58,61,62,72,77,84,91,92,94,97,106,114,119,131,133,134,135,
GTTGC-5,6,19,22,27,30,58,61,62,72,77,91,94,97,114,131,133,134,135,
GGGTT-5,6,19,22,27,30,58,61,62,72,77,84,91,92,94,97,106,114,119,131,133,134,135,
GTTGA-5,6,19,22,27,30,58,61,62,72,77,84,91,92,94,97,106,114,119,131,133,134,135,
CCTGT-5,6,19,22,27,30,58,61,62,72,77,84,91,92,94,97,106,114,119,131,133,134,135,
TGTGT-5,6,19,22,27,30,58,61,62,72,77,84,91,92,94,97,106,114,119,131,133,134,135,
CCACA-5,6,19,22,27,30,58,61,62,72,77,84,91,92,94,97,106,114,119,131,133,134,135,
AACAA-5,6,19,22,27,30,58,61,62,72,77,84,91,92,94,97,106,114,119,131,133,134,135,
TTTAC-5,6,19,22,27,30,58,61,62,72,77,84,91,92,94,97,106,114,119,131,133,134,135,
TTGGT-5,6,19,22,27,30,58,61,62,72,77,84,91,92,94,97,106,114,119,131,133,134,135,
TTTAA-5,6,19,22,27,30,58,61,62,72,77,84,91,92,94,97,106,114,119,131,133,134,135,
AACAC-5,6,19,22,27,30,58,61,62,72,77,84,91,92,94,97,106,114,119,131,133,134,135,
GTTGT-5,6,19,22,27,30,58,61,62,72,77,84,91,92,94,97,106,114,119,131,133,134,135,
AACAG-5,6,19,22,27,30,58,61,62,72,77,84,91,92,94,97,106,114,119,131,133,134,135,
TTTAG-5,6,19,22,27,30,58,61,62,72,77,84,91,92,94,97,106,114,119,131,133,134,135,
TCTTG-5,6,19,22,27,30,58,61,62,72,77,84,91,92,94,97,106,114,119,131,133,134,135,
CCCCG-5,6,19,22,30,62,77,84,91,92,94,97,106,114,119,131,133,134,135,
TAATT-5,6,19,22,27,30,58,61,62,72,77,84,91,92,94,97,106,114,119,131,133,134,135,
TCTTC-5,6,19,22,27,30,58,61,62,72,77,84,91,92,94,97,106,114,119,131,133,134,135,
CCCCC-5,6,19,22,58,62,77,84,91,92,94,106,114,119,131,133,134,
ACGGA-6,61,
TCTTA-5,6,19,22,27,30,58,61,62,72,77,84,91,92,94,97,106,114,119,131,133,134,135,
CCCCA-5,6,19,22,27,30,58,61,62,72,77,84,91,92,94,97,106,114,119,131,133,134,135,
TGCCA-6,19,22,27,30,58,61,62,72,77,84,91,92,94,97,106,114,119,131,133,134,135,
TGCCC-5,6,19,22,27,30,58,61,62,72,77,84,91,92,94,97,106,114,119,131,133,134,135,
GTACG-58,84,
TAATG-5,6,19,22,27,30,58,61,62,72,77,84,91,92,94,97,106,114,119,131,133,134,135,
CCCCT-5,6,19,22,27,30,58,61,62,72,77,84,91,92,94,97,106,114,119,131,133,134,135,
GTACC-27,
TAATC-5,6,19,22,27,30,58,61,62,72,77,84,91,92,94,97,106,114,119,131,133,134,135,
GTACA-5,6,19,22,27,30,58,61,62,72,77,84,91,92,94,97,106,114,119,131,133,134,135,
TAATA-5,6,19,22,27,30,58,61,62,72,77,84,91,92,94,97,106,114,119,131,133,134,135,
TGCCT-5,6,19,22,27,30,58,61,62,72,77,84,91,92,94,97,106,114,119,131,133,134,135,
AACCT-19,30,58,62,72,77,92,94,97,106,131,133,134,135,
GTACT-5,6,19,22,27,30,58,61,62,72,77,84,91,92,94,97,106,114,119,131,133,134,135,
CAAGC-5,6,19,22,27,30,58,61,62,72,77,84,91,92,94,97,106,114,119,131,133,134,135,
AACCC-5,6,19,22,27,30,58,61,62,72,77,84,91,92,94,97,106,114,119,131,133,134,135,
CAAGA-5,6,19,22,27,30,58,61,62,72,77,84,91,92,94,97,106,114,119,131,133,134,135,
AACCA-5,6,19,22,27,30,58,61,62,72,77,84,91,92,94,97,106,114,119,131,133,134,135,
TATTG-5,6,19,22,27,30,58,61,62,72,77,84,91,92,94,97,106,114,119,131,133,134,135,
CCCAG-5,6,19,22,27,30,58,61,62,72,77,84,91,92,94,97,106,114,119,131,133,134,135,
TCGTT-5,6,19,27,30,58,72,77,91,97,119,131,133,134,
TATTC-5,6,19,22,27,30,58,61,62,72,77,84,91,92,94,97,106,114,119,131,133,134,135,
CAACG-5,6,19,22,58,61,62,72,77,91,92,94,97,106,114,119,131,133,134,135,
CCCAC-5,6,19,22,27,30,58,61,62,72,77,84,91,92,94,97,106,114,119,131,133,134,135,
TATTA-5,6,19,22,27,30,58,61,62,72,77,84,91,92,94,97,106,114,119,131,133,134,
CCCAA-5,6,19,22,27,30,58,61,62,72,77,84,91,92,94,97,106,114,119,131,133,134,135,
CAACC-72,
CAACA-5,6,19,22,27,30,58,61,62,72,77,84,91,92,94,97,106,114,119,131,133,134,135,
CACGC-5,6,94,131,
TGCAA-5,6,19,22,27,30,58,61,62,72,77,91,92,94,97,106,114,119,131,133,134,
TGCAC-5,6,19,30,61,62,72,77,91,94,119,134,135,
TGCAG-5,6,19,22,27,30,58,61,62,72,77,84,91,92,94,97,106,114,119,131,133,134,135,
CCCAT-5,6,19,22,58,62,84,92,94,97,106,114,119,133,
CAACT-5,6,19,22,27,30,58,61,62,72,77,84,91,92,94,97,106,114,119,131,133,134,135,
TCGTA-5,6,19,22,27,30,58,61,62,72,77,84,91,92,94,97,106,114,119,131,133,134,135,
CCTCC-5,6,19,22,27,30,58,61,62,72,77,84,91,92,94,97,106,114,119,131,133,134,135,
CACGT-5,6,19,22,27,30,61,62,77,84,91,92,94,97,106,114,119,131,133,134,135,
CCTCA-5,6,19,22,27,30,58,61,62,72,77,84,91,92,94,97,106,114,119,131,133,134,135,
TGTCA-5,6,19,22,27,30,58,61,62,72,77,84,91,92,94,97,106,114,119,131,133,134,135,
TCAGT-5,6,19,22,27,30,58,61,62,72,77,84,91,92,94,97,106,114,119,131,133,134,135,
TGTCC-5,6,19,22,27,30,58,61,62,72,77,84,91,92,94,97,106,114,119,131,133,134,135,
TTGCC-5,6,19,22,27,30,58,61,62,72,77,84,91,92,94,97,106,114,119,131,133,134,135,
TGCAT-5,6,19,22,27,30,58,61,62,72,77,84,91,92,94,97,106,114,119,131,133,134,135,
TTGCA-5,6,19,22,27,30,58,61,62,72,77,84,91,92,94,97,106,114,119,131,133,134,135,
CCTCT-5,6,19,22,27,30,58,61,62,72,77,84,91,92,94,97,106,114,119,131,133,134,135,
TTGCG-5,6,19,22,27,30,58,61,62,72,77,84,91,92,94,97,106,114,119,131,133,134,135,
TCAGG-19,27,77,131,133,134,
TCAGC-5,6,19,22,27,30,58,61,62,72,77,84,91,92,94,97,106,114,119,131,133,134,135,
TGTCT-5,6,19,22,27,30,58,61,62,72,77,84,91,92,94,97,106,114,119,131,133,134,135,
TCAGA-5,6,19,22,27,30,58,61,62,72,77,84,91,92,94,97,106,114,119,131,133,134,135,
TTGCT-5,6,19,22,27,30,58,61,62,72,77,84,91,92,94,97,106,114,119,131,133,134,135,
GTAGA-5,6,19,22,27,30,58,61,62,72,77,84,91,92,94,97,106,114,119,131,133,134,135,
CAAAG-5,6,19,22,27,30,58,61,62,72,77,84,91,92,94,97,106,114,119,131,133,134,135,
TACTT-19,27,72,84,92,94,97,134,
CAAAC-5,6,19,22,27,30,58,61,62,72,77,84,91,92,94,97,106,114,119,131,133,134,135,
CCGGC-6,19,22,61,62,72,84,91,94,97,114,119,131,134,
CAAAA-5,6,19,22,27,30,58,61,62,72,77,84,91,92,94,97,106,114,119,131,133,134,135,
TGGGA-5,6,19,22,27,30,58,61,62,72,77,84,91,92,94,97,106,114,119,131,133,134,135,
TGGGC-6,19,27,72,77,91,92,94,119,133,
CCTAG-5,6,19,22,27,30,58,61,62,72,77,84,91,92,94,97,106,114,119,131,133,134,135,
TGGGG-5,6,19,22,27,30,61,62,77,84,91,92,94,97,106,114,119,131,133,134,135,
AATAT-6,19,27,30,58,61,62,72,77,91,92,94,97,106,119,131,133,134,135,
TACTG-5,6,19,22,27,30,58,61,62,72,77,84,91,92,94,97,106,114,119,131,133,134,135,
CAAAT-5,6,19,22,27,30,58,61,62,72,77,84,91,92,94,97,106,114,119,131,133,134,135,
CATGG-5,6,19,22,27,30,58,61,62,72,77,84,91,92,94,97,106,114,119,131,133,134,135,
CCTAC-5,6,19,22,27,30,58,61,62,72,77,84,91,92,94,97,106,114,119,131,133,134,135,
TACTC-5,6,19,22,27,30,58,61,62,72,77,84,91,92,94,97,106,114,119,131,133,134,135,
CCTAA-5,6,19,22,27,30,58,61,62,72,77,84,91,92,94,97,106,114,119,131,133,134,135,
GTAGG-5,6,19,22,27,30,58,61,62,72,77,84,91,92,94,97,106,114,119,131,133,134,135,
CCGGT-27,
CATGC-5,6,19,22,27,30,58,61,62,72,77,84,91,92,94,97,106,114,119,131,133,134,135,
TACTA-5,6,19,22,27,30,58,61,62,72,77,84,91,92,94,97,106,114,119,131,133,134,135,
CATGA-5,6,19,22,27,30,58,61,62,72,77,84,91,92,94,97,106,114,119,131,133,134,135,
GTAGC-5,6,19,22,27,30,58,61,62,72,77,84,91,92,94,97,106,114,119,131,133,134,135,
TGTAA-5,6,19,22,27,30,58,61,62,72,77,84,91,92,94,97,106,114,119,131,133,134,135,
TGGGT-5,6,19,22,27,30,58,61,62,72,77,84,91,92,94,97,106,114,119,131,133,134,135,
TTGAA-5,6,19,22,27,30,58,61,62,72,77,84,91,92,94,97,106,114,119,131,133,134,135,
GTGTG-5,6,19,22,27,30,58,61,62,72,77,84,91,92,94,97,106,114,119,131,133,134,135,
TGTAC-5,6,19,22,27,30,58,61,62,72,77,84,91,92,94,97,106,114,119,131,133,134,135,
AATAC-5,6,19,22,27,30,58,61,62,72,77,84,91,92,94,97,106,114,119,131,133,134,135,
GTGTC-5,6,19,22,27,30,58,61,62,72,77,84,91,92,94,97,106,114,119,131,133,134,135,
TGTAG-5,6,19,22,27,30,58,61,62,72,77,84,91,92,94,97,106,114,119,131,133,134,135,
AAGGT-5,6,19,22,27,30,58,61,62,72,77,84,91,92,94,97,106,114,119,131,133,134,135,
AATAA-5,6,19,22,27,30,58,61,62,72,77,84,91,92,94,97,106,114,119,131,133,134,135,
CCTAT-5,6,19,22,27,30,58,61,62,72,77,84,91,92,94,97,106,114,119,131,133,134,135,
GTGTA-5,6,19,22,27,30,58,61,62,72,77,84,91,92,94,97,106,114,119,131,133,134,135,
AATAG-5,6,19,22,27,30,58,61,62,72,77,84,91,92,94,97,106,114,119,131,133,134,135,
GGTTC-5,6,22,27,30,61,72,84,91,92,106,114,119,131,134,135,
GGTTA-5,6,19,22,27,30,58,61,62,72,77,84,91,92,94,97,106,114,119,131,133,134,135,
TTGAG-5,6,19,22,27,30,58,61,62,72,77,84,91,92,94,97,106,114,119,131,133,134,135,
ACGAT-6,94,133,
CATGT-5,6,19,22,27,30,58,61,62,72,77,84,91,92,94,97,106,114,119,131,133,134,135,
GGTTG-5,6,19,22,27,30,58,61,62,72,77,84,91,92,94,97,106,114,119,131,133,134,135,
GTAGT-5,6,19,22,30,58,61,62,72,77,84,91,92,94,97,106,119,131,133,134,135,
TTGAC-5,6,19,22,27,30,58,61,62,72,77,84,91,92,94,97,106,114,119,131,133,134,135,
CACGA-5,6,19,22,27,30,58,62,72,77,84,91,92,94,97,106,114,119,131,133,134,135,
AAGGC-5,6,19,22,27,30,58,61,62,72,77,84,91,92,94,97,106,114,119,131,133,134,135,
AAGGA-5,6,19,22,27,30,58,61,62,72,77,84,91,92,94,97,106,114,119,131,133,134,135,
ACGAC-6,119,
GTGTT-5,6,19,22,27,30,58,61,62,72,77,84,91,92,94,97,106,114,119,131,133,134,135,
TGTAT-5,6,19,22,27,30,58,61,62,72,77,84,91,92,94,97,106,114,119,131,133,134,135,
AAGGG-5,6,19,22,27,30,58,61,62,72,77,84,91,92,94,97,106,114,119,131,133,134,135,
ACGAA-5,6,19,22,27,30,58,61,62,72,77,84,91,92,94,97,106,114,119,131,133,134,135,
TATTT-5,6,19,22,27,30,58,61,62,72,77,84,91,92,94,97,106,114,119,131,133,134,135,
TTGAT-5,6,19,22,27,30,58,61,62,72,77,84,91,92,94,97,106,114,119,131,133,134,135,
GGTTT-5,6,19,22,27,30,58,61,62,72,77,84,91,92,94,97,106,114,119,131,133,134,135,
TTTGT-5,6,19,22,27,30,58,61,62,72,77,84,91,92,94,97,106,114,119,131,133,134,135,
CACCG-5,58,61,62,84,97,131,134,
CACCC-19,27,30,58,61,62,72,77,84,91,97,106,133,134,135,
CACCA-5,6,19,22,27,30,58,61,62,72,77,84,91,92,94,97,106,114,119,131,133,134,135,
TCATT-5,6,19,22,27,30,58,61,62,72,77,84,91,92,94,97,106,114,119,131,133,134,135,
CACCT-5,6,19,22,27,30,58,61,62,72,77,84,91,92,94,97,106,114,119,131,133,134,135,
GGCTA-5,6,19,22,27,30,58,61,62,72,77,84,91,92,94,97,106,114,119,131,133,134,135,
TTACA-5,6,19,22,27,30,58,61,62,72,77,84,91,92,94,97,106,114,119,131,133,134,135,
TTCGC-6,27,62,92,97,
TCATG-5,6,19,22,27,30,58,61,62,72,77,84,91,92,94,97,106,114,119,131,133,134,135,
TTCGA-5,6,19,22,27,58,61,62,72,77,84,91,92,97,114,119,131,134,135,
GGCTC-5,6,19,22,27,30,58,61,62,72,77,84,91,92,94,97,106,114,119,131,133,134,135,
TCATC-5,6,19,22,27,30,58,61,62,72,77,84,91,92,94,97,106,114,119,131,133,134,135,
GGCTG-5,6,19,22,27,30,58,61,62,72,77,84,91,92,94,97,106,114,119,131,133,134,135,
TCATA-5,6,19,22,27,30,58,61,62,72,77,84,91,92,94,97,106,114,119,131,133,134,135,
TTACG-5,19,27,62,77,91,92,94,97,114,133,
TTACC-5,6,19,22,27,30,58,61,62,72,77,84,91,92,94,97,106,114,119,131,133,134,135,
AAGAT-5,6,19,22,27,30,58,61,62,72,77,84,91,92,94,97,106,114,119,131,133,134,135,
GGCTT-5,6,19,22,27,30,58,61,62,72,77,84,91,92,94,97,106,114,119,131,133,134,135,
TTACT-5,6,19,22,27,30,58,61,62,72,77,84,91,92,94,97,106,114,119,131,133,134,135,
AAGAA-5,6,19,22,27,30,58,61,62,72,77,84,91,92,94,97,106,114,119,131,133,134,135,
TTCGT-5,6,19,22,27,30,58,61,62,72,77,84,91,92,94,97,106,114,119,131,133,134,135,
AAGAC-5,6,19,22,27,30,58,61,62,72,77,84,91,92,94,97,106,114,119,131,133,134,135,
AAGAG-5,6,19,22,27,30,58,61,62,72,77,84,91,92,94,97,106,114,119,131,133,134,135,
CACAG-5,6,19,22,27,30,58,61,62,72,77,84,91,92,94,97,106,114,119,131,133,134,135,
TGAGA-5,6,19,22,27,30,58,61,62,72,77,84,91,92,94,97,106,114,119,131,133,134,135,
CACAC-5,6,19,22,27,30,58,61,62,72,77,84,91,92,94,97,106,114,119,131,133,134,135,
TGAGC-5,6,19,22,27,30,58,61,62,72,77,84,91,92,94,97,106,114,119,131,133,134,135,
CACAA-5,6,19,22,27,30,58,61,62,72,77,84,91,92,94,97,106,114,119,131,133,134,135,
TGAGG-5,6,19,22,27,30,58,61,62,72,77,84,91,92,94,97,106,114,119,131,133,134,135,
CATCG-27,97,
CACAT-5,6,19,22,27,30,58,61,62,72,77,84,91,92,94,97,106,114,119,131,133,134,135,
CATCC-5,6,19,22,27,30,58,61,62,72,77,84,91,92,94,97,106,114,119,131,133,134,135,
CATCA-5,6,19,22,27,30,58,61,62,72,77,84,91,92,94,97,106,114,119,131,133,134,135,
TGAGT-5,6,19,22,27,30,58,61,62,72,77,84,91,92,94,97,106,114,119,131,133,134,135,
TGGTA-5,6,19,22,27,30,58,61,62,72,77,84,91,92,94,97,106,114,119,131,133,134,135,
TTAAG-5,6,19,22,27,30,58,61,62,72,77,84,91,92,94,97,106,114,119,131,133,134,135,
TGGTC-5,6,19,22,27,30,58,61,62,72,77,84,91,92,94,97,106,114,119,131,133,134,135,
TTAAC-5,6,19,22,27,30,58,61,62,72,77,84,91,92,94,97,106,114,119,131,133,134,135,
TGGTG-5,6,19,22,27,30,58,61,62,72,77,84,91,92,94,97,106,114,119,131,133,134,135,
TTAAA-5,6,19,22,27,30,58,61,62,72,77,84,91,92,94,97,106,114,119,131,133,134,135,
CATCT-5,6,19,22,27,30,58,61,62,72,77,84,91,92,94,97,106,114,119,131,133,134,135,
TTTGA-5,6,19,22,27,30,58,61,62,72,77,84,91,92,94,97,106,114,119,131,133,134,135,
AAGCT-5,6,19,22,27,30,58,61,62,72,77,84,91,92,94,97,106,114,119,131,133,134,135,
TTAAT-5,6,19,22,27,30,58,61,62,72,77,84,91,92,94,97,106,114,119,131,133,134,135,
TTTGG-5,6,19,22,27,30,58,61,62,72,77,84,91,92,94,97,106,114,119,131,133,134,135,
AAGCC-5,6,19,22,27,30,58,61,62,72,77,84,91,92,94,97,106,114,119,131,133,134,135,
TGGTT-5,6,19,22,27,30,58,61,62,72,77,84,91,92,94,97,106,114,119,131,133,134,135,
TTTGC-5,6,19,22,27,30,58,61,62,72,77,84,91,92,94,97,106,114,119,131,133,134,135,
AAGCA-5,6,19,22,27,30,58,61,62,72,77,84,91,92,94,97,106,114,119,131,133,134,135,
TTTCT-5,6,19,22,27,30,58,61,62,72,77,84,91,92,94,97,106,114,119,131,133,134,135,
CAGGG-5,6,19,22,27,30,58,61,62,72,77,84,91,92,94,97,106,114,119,131,133,134,135,
GGATA-5,6,19,22,27,30,58,61,62,72,77,84,91,92,94,97,106,114,119,131,133,134,135,
CCGAA-27,30,61,62,72,77,94,97,106,133,135,
CAGGC-5,6,19,22,27,30,58,61,62,72,77,84,91,92,94,97,106,114,119,131,133,134,135,
TCCTT-5,6,19,22,27,30,58,61,62,72,77,84,91,92,94,97,106,114,119,131,133,134,135,
CAGGA-5,6,19,22,27,30,58,61,62,72,77,84,91,92,94,97,106,114,119,131,133,134,135,
CATAG-5,6,19,22,27,30,58,61,62,72,77,84,91,92,94,97,106,114,119,131,133,134,135,
CATAC-22,27,30,61,62,84,91,92,97,106,131,134,135,
TCCTG-5,6,19,22,27,30,58,61,62,72,77,84,91,92,94,97,106,114,119,131,133,134,135,
CATAA-5,6,19,22,27,30,58,61,62,72,77,84,91,92,94,97,106,114,119,131,133,134,135,
CAGGT-6,27,30,58,61,62,84,97,106,131,
GGATC-5,6,19,22,27,30,58,61,62,72,77,84,91,92,94,97,106,114,119,131,133,134,135,
TCCTC-5,6,19,22,27,30,58,61,62,72,77,84,91,92,94,97,106,114,119,131,133,134,135,
GGATG-27,30,58,61,62,72,77,94,97,106,119,133,135,
TCCTA-5,6,19,22,27,30,58,61,62,72,77,84,91,92,94,97,106,114,119,131,133,134,135,
TTCCG-6,19,22,27,30,61,62,72,77,84,91,94,97,106,114,119,131,133,134,135,
TTCCC-5,6,19,22,27,30,58,61,62,72,77,84,91,92,94,97,106,114,119,131,133,134,135,
TTCCA-5,6,19,22,27,30,58,61,62,72,77,84,91,92,94,97,106,114,119,131,133,134,135,
CATAT-5,6,19,22,27,30,58,61,62,72,77,84,91,92,94,97,106,114,119,131,133,134,135,
GGATT-5,6,19,22,27,30,58,61,62,72,77,84,91,92,94,97,106,114,119,131,133,134,135,
TTCCT-5,6,19,22,27,30,58,61,62,72,77,84,91,92,94,97,106,114,119,131,133,134,135,
GTTTG-5,6,19,22,27,30,58,61,62,72,77,84,91,92,94,97,106,114,119,131,133,134,135,
GTTTC-5,6,19,22,27,30,58,61,62,72,77,84,91,92,94,97,106,114,119,131,133,134,135,
TCTTT-5,6,19,22,27,30,58,61,62,72,77,84,91,92,94,97,106,114,119,131,133,134,135,
GTTTA-5,6,19,22,27,30,58,61,62,72,77,84,91,92,94,97,106,114,119,131,133,134,135,
TTTAT-5,6,19,22,27,30,58,61,62,72,77,84,91,92,94,97,106,114,119,131,133,134,135,
GTTTT-5,6,19,22,27,30,58,61,62,72,77,84,91,92,94,97,106,114,119,131,133,134,135,
TGCGA-5,6,19,22,27,30,58,61,62,72,77,84,91,92,94,97,106,114,119,131,133,134,135,
TGACA-5,6,19,22,27,30,58,61,62,72,77,84,91,92,94,97,106,114,119,131,133,134,135,
TGACC-5,6,19,22,27,30,58,61,62,72,77,84,91,92,94,97,106,114,119,131,133,134,135,
TGACG-5,6,19,22,27,30,58,61,62,72,77,84,91,92,94,97,106,114,119,131,133,134,135,
TGCGT-5,27,30,58,72,97,119,133,
TGACT-5,6,19,22,27,30,58,61,62,72,77,84,91,92,94,97,106,114,119,131,133,134,135,
TTCAC-5,6,19,22,27,30,58,61,62,72,77,84,91,92,94,97,106,114,119,131,133,134,135,
TTCAA-5,6,19,22,27,30,58,61,62,72,77,84,91,92,94,97,106,114,119,131,133,134,135,
GTCTG-5,6,19,22,27,30,58,61,62,72,77,84,91,92,94,97,106,114,119,131,133,134,135,
GTCTC-5,6,19,22,27,30,58,61,62,72,77,84,91,92,94,97,106,114,119,131,133,134,135,
TTCAG-5,19,22,30,58,61,77,84,92,94,97,106,114,119,131,134,135,
TTCAT-5,6,19,22,27,30,58,61,62,72,77,84,91,92,94,97,106,114,119,131,133,134,135,
TTTCC-5,6,19,22,27,30,58,61,62,72,77,84,91,92,94,97,106,114,119,131,133,134,135,
TTTCA-5,6,19,22,27,30,58,61,62,72,77,84,91,92,94,97,106,114,119,131,133,134,135,
GTCTT-5,6,19,22,27,30,58,61,62,72,77,84,91,92,94,97,106,114,119,131,133,134,135,
TTTCG-5,6,72,77,91,97,119,131,134,
CAGCG-5,6,19,22,27,30,58,61,62,72,77,84,91,92,94,97,106,114,119,131,133,134,135,
CAGCC-5,6,19,22,27,30,58,61,62,72,77,84,91,92,94,97,106,114,119,131,133,134,135,
CAGCA-5,6,19,22,27,30,58,61,62,72,77,84,91,92,94,97,106,114,119,131,133,134,135,
CAGCT-5,6,19,22,27,30,58,61,62,72,77,84,91,92,94,97,106,114,119,131,133,134,135,
TGTTT-5,6,19,22,27,30,58,61,62,72,77,84,91,92,94,97,106,114,119,131,133,134,135,
CAGAG-5,6,19,22,27,30,58,61,62,72,77,84,91,92,94,97,106,114,119,131,133,134,135,
TTGTT-5,6,19,22,27,30,58,61,62,72,77,84,91,92,94,97,106,114,119,131,133,134,135,
CAGAC-5,6,19,22,27,30,58,61,62,72,77,84,91,92,94,97,106,114,119,131,133,134,135,
CAGAA-5,6,19,22,27,30,58,61,62,72,77,84,91,92,94,97,106,114,119,131,133,134,135,
CAGAT-5,6,19,22,27,30,58,61,62,72,77,84,91,92,94,97,106,114,119,131,133,134,135,
TGCTA-5,6,19,22,27,30,58,61,62,72,77,84,91,92,94,97,106,114,119,131,133,134,135,
TGCTC-5,6,19,22,27,30,58,61,62,72,77,84,91,92,94,97,106,114,119,131,133,134,135,
TGCTG-5,6,19,22,27,30,58,61,62,72,77,84,91,92,94,97,106,114,119,131,133,134,135,
GTATG-5,6,19,22,27,30,58,61,62,72,77,84,91,92,94,97,106,114,119,131,133,134,135,
GTATC-5,6,19,22,27,30,58,61,62,72,77,84,91,92,94,97,106,114,119,131,133,134,135,
GTATA-5,6,19,22,27,30,58,61,62,72,77,84,91,92,94,97,106,114,119,131,133,134,135,
TGCTT-5,6,19,22,27,30,58,61,62,72,77,84,91,92,94,97,106,114,119,131,133,134,135,
GTATT-5,6,19,22,27,30,58,61,62,72,77,84,91,92,94,97,106,114,119,131,133,134,135,
TTAGA-5,6,19,27,30,62,72,77,97,106,114,119,131,135,
TTAGG-5,6,19,22,27,30,58,61,62,72,77,84,91,92,94,97,106,114,119,131,133,134,135,
TTAGT-5,6,19,22,27,30,58,61,62,72,77,84,91,92,94,97,106,114,119,131,133,134,135,
TGTTA-5,6,19,22,27,30,58,61,62,72,77,84,91,92,94,97,106,114,119,131,133,134,135,
TTGTC-5,6,19,22,27,30,58,61,62,72,77,84,91,92,94,97,106,114,119,131,133,134,135,
TGTTC-5,6,19,22,27,30,58,61,62,72,77,84,91,92,94,97,106,114,119,131,133,134,135,
TTGTA-5,6,19,22,27,30,58,61,62,72,77,84,91,92,94,97,106,114,119,131,133,134,135,
TGTTG-5,6,19,22,27,30,58,61,62,72,77,84,91,92,94,97,106,114,119,131,133,134,135,
TTGTG-5,6,19,22,27,30,58,61,62,72,77,84,91,92,94,97,106,114,119,131,133,134,135,
ATATT-5,6,19,22,27,30,58,61,62,72,77,84,91,92,94,97,106,114,119,131,133,134,135,
ATATG-5,6,19,22,27,30,58,61,62,72,77,84,91,92,94,97,106,114,119,131,133,134,135,
ATATA-72,
ATATC-5,6,19,22,27,30,58,61,62,72,77,84,91,92,94,97,106,114,119,131,133,134,135,
ATTTC-5,6,19,22,27,30,58,61,62,72,77,84,91,92,94,97,106,114,119,131,133,134,135,
ATTTG-5,6,19,22,27,30,58,61,62,72,77,84,91,92,94,97,106,114,119,131,133,134,135,
ATTTA-5,6,19,22,27,30,58,61,62,72,77,84,91,92,94,97,106,114,119,131,133,134,135,
TTATA-5,6,19,22,27,30,58,61,62,72,77,84,91,92,94,97,106,114,119,131,133,134,135,
AGATT-5,6,19,22,27,30,58,61,62,72,77,84,91,92,94,97,106,114,119,131,133,134,135,
TTATG-5,6,19,22,27,30,58,61,62,72,77,84,91,92,94,97,106,114,119,131,133,134,135,
TTATC-5,6,19,22,27,30,58,61,62,72,77,84,91,92,94,97,106,114,119,131,133,134,135,
AGATG-5,6,19,22,27,30,58,61,62,72,77,84,91,92,94,97,106,114,119,131,133,134,135,
AGATA-5,6,19,22,27,30,58,61,62,72,77,84,91,92,94,97,106,114,119,131,133,134,135,
AGATC-5,6,19,22,27,30,58,61,62,72,77,84,91,92,94,97,106,114,119,131,133,134,135,
TTCTT-5,6,19,22,27,30,58,61,62,72,77,84,91,92,94,97,106,114,119,131,133,134,135,
ATCTT-5,6,19,22,27,30,58,61,62,72,77,84,91,92,94,97,106,114,119,131,133,134,135,
ATCTG-5,6,19,22,27,30,58,61,62,72,77,84,91,92,94,97,106,114,119,131,133,134,135,
ATCTC-5,6,19,22,27,30,58,61,62,72,77,84,91,92,94,97,106,114,119,131,133,134,135,
ATCTA-5,6,19,22,27,30,58,61,62,72,77,84,91,92,94,97,106,114,119,131,133,134,135,
ATTTT-5,6,19,22,27,30,58,61,62,72,77,84,91,92,94,97,106,114,119,131,133,134,135,
TTTTG-5,6,19,22,27,30,58,61,62,72,77,84,91,92,94,97,106,114,119,131,133,134,135,
TTTTC-5,6,19,22,27,30,58,61,62,72,77,84,91,92,94,97,106,114,119,131,133,134,135,
TTTTA-5,6,19,22,27,30,58,61,62,72,77,84,91,92,94,97,106,114,119,131,133,134,135,
CTATC-5,6,19,22,27,30,58,61,62,72,77,84,91,92,94,97,106,114,119,131,133,134,135,
GAGAC-5,6,22,30,58,61,62,77,84,91,92,94,97,106,114,119,131,133,134,135,
GAGAA-5,6,19,22,27,30,58,61,62,72,77,84,91,92,94,97,106,114,119,131,133,134,135,
CTATA-5,6,19,22,27,30,58,61,62,72,77,84,91,92,94,97,106,114,119,131,133,134,135,
TTTTT-5,6,19,22,27,30,58,61,62,72,77,84,91,92,94,97,106,114,119,131,133,134,135,
GAGAG-5,6,19,22,27,30,58,61,62,72,77,84,91,92,94,97,106,114,119,131,133,134,135,
AGCTG-5,6,19,22,27,30,58,61,62,72,77,84,91,92,94,97,106,114,119,131,133,134,135,
GAGAT-5,6,19,22,27,30,58,61,62,72,77,84,91,92,94,97,106,114,119,131,133,134,135,
CTATT-19,58,61,62,106,114,134,135,
AGCTT-5,6,19,22,27,30,58,61,62,72,77,84,91,92,94,97,106,114,119,131,133,134,135,
TTCTG-5,6,19,22,27,30,58,61,62,72,77,84,91,92,94,97,106,114,119,131,133,134,135,
CTATG-5,6,19,22,27,30,58,61,62,72,77,84,91,92,94,97,106,114,119,131,133,134,135,
TTCTC-5,6,19,22,27,30,58,61,62,72,77,84,91,92,94,97,106,114,119,131,133,134,135,
TTCTA-5,6,19,22,27,30,58,61,62,72,77,84,91,92,94,97,106,114,119,131,133,134,135,
AGCTC-5,6,19,22,30,58,62,72,77,84,91,92,94,97,106,114,119,131,134,135,
AGCTA-5,6,19,22,27,30,58,61,62,72,77,84,91,92,94,97,106,114,119,131,133,134,135,
GAGCA-5,6,19,22,27,30,58,61,62,72,77,84,91,92,94,97,106,114,119,131,133,134,135,
GAGCT-5,6,19,22,27,30,61,62,72,77,84,91,92,97,106,114,119,131,133,134,135,
TGATA-5,6,19,22,27,30,58,61,62,72,77,84,91,92,94,97,106,114,119,131,133,134,135,
TGATC-5,6,19,22,27,30,58,61,62,72,77,84,91,92,94,97,106,114,119,131,133,134,135,
TGATG-5,6,19,22,27,30,58,61,62,72,77,84,91,92,94,97,106,114,119,131,133,134,135,
TGATT-5,6,19,22,27,30,58,61,62,72,77,84,91,92,94,97,106,114,119,131,133,134,135,
